01001001
11101000
11110100
11010111
01110110
10101011
01011100
01100001
01111001
10100100
00011100
10001110
11010001
10000000
10110000
00000101
01000001
10111011
01010110
10011001
11001111
01001110
01101110
00100000
11110010
01111000
00110111
00011101
11000000
00010000
10001111
01010101
00101100
10110101
00001011
01110111
01101010
01001110
10001110
11101001
01101010
00101001
10111101
01110010
01011001
01111001
11001011
10010100
11011010
00111110
11100001
01010000
01110101
10101101
10011100
10111011
11111000
01100000
10011111
00110001
00000010
10000011
11000101
01001111
00101111
10010101
01111100
00000100
10100100
00100001
10101010
10101000
01011110
10010011
11001010
01000010
00111111
00001111
10100000
11100110
00110100
01000001
11111001
11101001
01010100
11000000
01000010
11001000
11111110
01001001
01001110
10101001
10111001
00011000
01110001
00100100
10100000
10000111
11000101
11001101
00010110
01101000
01101111
11101011
00010011
10110010
01101110
10100000
00111100
01001110
01110111
00100100
01100101
10101101
11100110
00011110
11101000
00101010
10011110
00101101
01000001
01000110
11011001
01111110
01001001
01110010
00001100
01010000
11111010
11011000
00100011
10001011
00011000
00101001
10011010
00001001
11001010
00010101
01010000
00011001
01011001
00100101
00010100
01001011
01101000
01011001
11001111
00000010
01111101
01001111
11000011
01010100
10101001
10110010
00110111
11100001
11000000
00110010
10000001
11000101
10100011
10100100
10001010
11100011
10100000
00001011
11001000
00000100
01000001
10011100
10101101
00010000
01011000
10100001
10111011
00100111
01100100
00110100
00111010
11000111
10010111
00101111
10010001
00010001
00001110
10100111
00000110
01100100
11000111
00110100
10000001
00001101
10011100
00110011
11111001
11101010
00001110
01100100
11011011
00011011
10111010
10101111
11111000
01000101
10000101
01000010
01111111
00100110
11011000
11000010
11000100
10001100
01000101
01011010
01100110
01011111
10001010
00100110
00010100
00101001
10000010
10010011
00101101
10000011
11110011
01011101
01101110
11100011
00001110
01111000
11010000
01100100
01000001
01100111
11101110
01010000
00001100
01110110
00100001
00101111
00010100
11100101
10000100
01101110
00001100
10010110
11000100
01110110
01001111
10001000
01100101
00000001
01000001
10001100
10010000
00000011
00000001
01100101
10000101
11100101
00010011
11001001
00011010
00011111
11110100
00101010
01110001
00011001
00000101
10110111
01010110
10110110
01000110
00100000
11001110
11011011
10101100
11101001
11111101
10101100
10010101
00111001
10011001
11101011
11110101
01000111
10101011
00001101
11101101
10111010
01111011
01000000
10000100
01001010
11010010
11011000
00001011
11100100
00010011
01010001
10011001
11111001
00111101
00110111
10011000
00010110
10110010
11000100
00100110
00000111
10011011
01111000
01011101
11011101
01111000
00010110
10011010
01101001
00101111
01100011
00001101
01110110
11110010
11110110
00011110
11011101
00111010
10101000
10010011
00101110
01000010
01010111
00010100
11100111
01101101
11011011
11101110
11001001
01001011
00100010
00110010
01001010
00110000
00011000
01000001
01010110
10110101
01001011
11011111
10000101
00010110
00100111
10110001
01011011
10100100
00010010
11000100
01100101
11001001
01001100
01011010
00111110
01101100
00010000
11001001
11101100
00101100
11101110
11110111
10111011
00100001
10111111
11101011
10100000
01100100
01110101
00001001
11101101
01000001
00001000
01010000
00110111
00101000
10100000
01101010
00100010
00011110
00110011
01000100
01000000
11011010
01000010
10110000
01101010
00111010
01110010
00010011
00011010
11001110
10110010
00000110
10000010
00100010
10110111
00001001
11000100
00011101
11000011
10010010
01101001
11001011
00001000
01100111
01001110
00100111
10100010
00010010
10000100
00010011
10000101
11001110
00101011
00111001
11000000
11000110
00000101
10100100
01110100
11111101
10100001
11010000
10100011
11100000
01110100
00100101
10111110
11101101
10110101
11100001
00111010
00100110
11001011
11100000
01000101
10110100
01101100
11110101
11001100
00110011
01000110
00111111
11101111
11010101
01011111
11000011
01010001
11101001
01110111
10001010
01111100
01100100
11000110
10000111
11011000
11001101
10010001
01110100
00110010
10010101
11000010
00101100
11100001
01111001
11000010
01101000
00100111
01111101
11101101
01110100
00100110
01011010
11100110
00010000
01110111
10010001
11011010
11111011
10101011
00010010
01010100
10111001
01000101
10101010
11101000
01010001
10000111
00110100
11011010
10001000
10100110
01011101
11011110
10000001
00001000
01001100
11001011
00000101
11100001
00110100
01100000
00000000
11100101
10000101
10110110
11000110
00010111
01001111
11011011
10111011
11100110
00110001
01011101
11001110
10011001
00001101
10000000
11101100
11011001
11110111
01010111
00100100
10110101
10001111
10001101
01011110
00110011
01101010
00101101
00111101
01000011
11110111
10110011
10101100
00011101
01011000
01100001
01101100
10100101
11000011
01010100
10001101
11000101
00001100
00100000
01111101
00001110
01000001
00101011
11010011
00001011
00101100
01001101
10001010
11101110
01000100
10110110
10111011
11110111
10000101
11110010
11011001
11110110
11101000
01000100
10100101
00011010
00110010
01011100
11011101
01111010
00010101
11100101
10101101
01111001
01010100
01010111
10100010
00001000
11001101
11101100
10110101
10100001
10110111
10100010
10000001
10100000
10101110
11001000
10000101
10101100
11001010
01101010
01111000
10111000
11100110
11110001
01100011
01110100
10011100
01001111
01010101
11100010
01010001
01011101
01111000
11011001
01110111
00101000
11000010
11110100
10010100
11101110
00110111
01011011
00000000
10010000
01101010
00110001
01000001
10111010
01100000
00010111
10110110
10111110
10000011
10011101
00100001
01001111
00111001
10010011
00100101
11111101
00110001
10011100
10010101
00111001
01011011
11000101
11000101
10010100
10010000
01000101
11010001
01011101
11010010
11110001
00100011
00000100
00101110
01110001
11011011
10101011
01100011
11111100
00000000
01011110
01000101
11111100
10001000
00011100
01101110
10101011
10101010
00101101
00011001
00100001
01011011
11001000
10001001
01011000
11111010
01110010
11111100
10001100
11111101
10001010
10001100
00010011
10000011
11010000
01111100
00011010
01111000
00011111
11011010
01011110
00100100
10000000
10100001
01001110
00001110
10100001
01100100
00011100
11101000
10111001
01000100
11010010
01101110
01111110
11011110
01001110
01111011
00001010
10111001
00111011
01011101
01011011
01000011
11000111
10110010
11000110
10010000
01011011
10110010
01101011
10100111
01010000
01011011
11110010
11001001
01011100
10000100
10101010
00010111
00110100
01100011
11111101
00001101
10111010
00111001
00111100
01010001
10110110
10100110
00100111
01110101
01110100
00110110
10100101
01001101
11110000
11111000
01001011
00100011
00100000
01100100
00100100
00000111
00101011
10000101
10111100
01010101
10110101
00000101
01010101
00011101
11110111
01011100
00010110
00110011
11001110
00001101
00000110
01000101
10100110
01000111
01001011
10010100
10011010
10110101
11100001
10011000
01010001
11110100
11100110
10111010
00001110
01110010
00110100
11110111
01101010
10111000
10011010
01011100
11100011
01110000
01000100
00010011
00011001
00101110
11111000
00010001
00101001
00001001
00110000
00001001
00100111
10000111
01001001
01100010
00001011
10000101
01111000
11110100
01000110
00100100
11001110
11100010
00110010
11011111
11011101
11100101
11010111
11001110
00100111
01110011
00000001
01101100
00001100
11001011
10001100
11111001
11010110
11001101
10011100
11000110
10101011
11011011
01110111
11100000
00010000
00111001
00111100
11010011
10010110
10000011
01010111
00100110
01011101
01011010
10101101
10111110
00000110
10001100
10110011
11101001
10111010
11000100
11010010
10111001
00111011
11110011
10000010
01000111
01110011
10000000
01100110
01010001
00111101
11000000
00010111
11001011
11101000
01110100
11100001
11100101
11011100
10111000
11011101
11001100
11011111
00001101
00111010
10010011
10101011
10101100
00100000
10101000
01110001
01001010
01110110
11000000
01000111
10100010
10001001
10001111
01000101
11000110
11000111
00011011
00111100
00101110
10001101
01000111
10010100
01011001
00001011
11100111
01011110
01001011
01010111
00001100
10000011
11100101
00001000
01100101
11011101
11010101
00000000
11011000
11001111
11011111
10011100
01101000
11101001
01010100
11001011
01101111
10011000
00111111
10100111
00100111
11001001
11100100
01111010
01110100
01101011
11001000
10111011
10001011
10001100
10010011
00101101
00001011
01011100
01000110
11011100
00001001
10010110
11001001
01100011
11000111
10010010
11001001
00000111
11011001
01001000
00110101
10111101
10111100
10001001
11011001
10101100
10011011
11000011
01111000
00111001
10011010
00011101
11101001
10001100
11101011
10010001
10011111
10101101
11100010
11110001
11011100
11111011
10010101
10001011
01011100
00101010
00010110
10111000
00100011
01010111
11111000
10100010
01011111
11010010
10001100
00000100
01100111
01001001
00101010
01011000
01111111
10001000
11001101
11011001
00001010
10011001
11000111
01001110
00000001
00000000
11011111
10001010
00100110
11000100
00100011
00110101
11111110
01111001
00011011
00010110
11011011
01100000
11011101
01110011
01110010
10011101
